0	0.0024781
2.99606E-005	0.00303135
5.99213E-005	0.00360296
8.98819E-005	0.00416247
0.000119843	0.00466817
0.000149803	0.00506543
0.000179764	0.00528524
0.000209725	0.00524303
0.000239685	0.00483814
0.000269646	0.00395409
0.000299606	0.00246007
0.000329567	0.00021384
0.000359528	-0.00293332
0.000389488	-0.00712939
0.000419449	-0.0125116
0.00044941	-0.019193
0.00047937	-0.0272455
0.000509331	-0.0366791
0.000539292	-0.0474165
0.000569252	-0.0592638
0.000599213	-0.0718772
0.000629174	-0.0847268
0.000659134	-0.0970578
0.000689095	-0.107852
0.000719056	-0.115789
0.000749016	-0.119219
0.000778977	-0.116135
0.000808937	-0.104169
0.000838898	-0.0806044
0.000868859	-0.0424163
0.000898819	0.0136478
0.00092878	0.0909456
0.000958741	0.192759
0.000988701	0.322047
0.00101866	0.481124
0.00104862	0.671254
0.00107858	0.892147
0.00110854	1.14137
0.0011385	1.41366
0.00116847	1.7004
0.00119843	1.98983
0.00122839	2.2681
0.00125835	2.52147
0.00128831	2.73925
0.00131827	2.9152
0.00134823	3.04713
0.00137819	3.13598
0.00140815	3.18512
0.00143811	3.19904
0.00146807	3.18212
0.00149803	3.13786
0.00152799	3.06844
0.00155795	2.97423
0.00158791	2.85393
0.00161787	2.70552
0.00164784	2.52696
0.0016778	2.31652
0.00170776	2.07271
0.00173772	1.79444
0.00176768	1.48147
0.00179764	1.13434
0.0018276	0.753763
0.00185756	0.340696
0.00188752	-0.102886
0.00191748	-0.573405
0.00194744	-1.06554
0.0019774	-1.5717
0.00200736	-2.08088
0.00203732	-2.57762
0.00206728	-3.04317
0.00209725	-3.45887
0.00212721	-3.80898
0.00215717	-4.08146
0.00218713	-4.2682
0.00221709	-4.36499
0.00224705	-4.3715
0.00227701	-4.29069
0.00230697	-4.12811
0.00233693	-3.89172
0.00236689	-3.59212
0.00239685	-3.24223
0.00242681	-2.85646
0.00245677	-2.4497
0.00248673	-2.0363
0.00251669	-1.62959
0.00254666	-1.24225
0.00257662	-0.886121
0.00260658	-0.571243
0.00263654	-0.305211
0.0026665	-0.0926958
0.00269646	0.0647388
0.00272642	0.168255
0.00275638	0.221189
0.00278634	0.228586
0.0028163	0.196823
0.00284626	0.133344
0.00287622	0.0463469
0.00290618	-0.0555803
0.00293614	-0.164122
0.0029661	-0.272253
0.00299606	-0.374787
0.00302603	-0.46792
0.00305599	-0.547993
0.00308595	-0.61081
0.00311591	-0.652599
0.00314587	-0.671426
0.00317583	-0.667871
0.00320579	-0.645034
0.00323575	-0.607748
0.00326571	-0.561229
0.00329567	-0.510004
0.00332563	-0.457827
0.00335559	-0.408664
0.00338555	-0.367503
0.00341551	-0.339911
0.00344547	-0.330989
0.00347544	-0.344624
0.0035054	-0.383181
0.00353536	-0.44756
0.00356532	-0.536966
0.00359528	-0.648081
0.00362524	-0.774165
0.0036552	-0.904733
0.00368516	-1.02703
0.00371512	-1.12925
0.00374508	-1.20269
0.00377504	-1.24153
0.003805	-1.24213
0.00383496	-1.20384
0.00386492	-1.13011
0.00389488	-1.02859
0.00392484	-0.910283
0.00395481	-0.788204
0.00398477	-0.674498
0.00401473	-0.575902
0.00404469	-0.49112
0.00407465	-0.413909
0.00410461	-0.337923
0.00413457	-0.258261
0.00416453	-0.171101
0.00419449	-0.0739649
0.00422445	0.033618
0.00425441	0.149915
0.00428437	0.271537
0.00431433	0.394759
0.00434429	0.517055
0.00437425	0.638017
0.00440422	0.759462
0.00443418	0.884949
0.00446414	1.01876
0.0044941	1.16418
0.00452406	1.32164
0.00455402	1.48801
0.00458398	1.6577
0.00461394	1.8245
0.0046439	1.98199
0.00467386	2.12257
0.00470382	2.2374
0.00473378	2.31792
0.00476374	2.3582
0.0047937	2.35623
0.00482366	2.31274
0.00485362	2.22935
0.00488359	2.10784
0.00491355	1.94958
0.00494351	1.75464
0.00497347	1.52165
0.00500343	1.2487
0.00503339	0.934515
0.00506335	0.579772
0.00509331	0.189008
0.00512327	-0.227977
0.00515323	-0.656628
0.00518319	-1.08042
0.00521315	-1.48478
0.00524311	-1.85908
0.00527307	-2.19542
0.00530303	-2.48815
0.005333	-2.73568
0.00536296	-2.94103
0.00539292	-3.10925
0.00542288	-3.24374
0.00545284	-3.34585
0.0054828	-3.41766
0.00551276	-3.46255
0.00554272	-3.4826
0.00557268	-3.47696
0.00560264	-3.44304
0.0056326	-3.37995
0.00566256	-3.29222
0.00569252	-3.18989
0.00572248	-3.08418
0.00575244	-2.98223
0.0057824	-2.88559
0.00581237	-2.79261
0.00584233	-2.70095
0.00587229	-2.60829
0.00590225	-2.51303
0.00593221	-2.41578
0.00596217	-2.31925
0.00599213	-2.226
0.00602209	-2.13638
0.00605205	-2.04814
0.00608201	-1.95778
0.00611197	-1.8631
0.00614193	-1.76436
0.00617189	-1.66391
0.00620185	-1.56571
0.00623181	-1.47422
0.00626178	-1.39221
0.00629174	-1.31957
0.0063217	-1.25407
0.00635166	-1.19299
0.00638162	-1.13457
0.00641158	-1.07888
0.00644154	-1.02784
0.0064715	-0.984714
0.00650146	-0.95362
0.00653142	-0.938686
0.00656138	-0.942932
0.00659134	-0.967177
0.0066213	-1.00929
0.00665126	-1.06477
0.00668122	-1.12867
0.00671118	-1.19678
0.00674115	-1.26518
0.00677111	-1.3298
0.00680107	-1.38731
0.00683103	-1.43639
0.00686099	-1.47776
0.00689095	-1.51305
0.00692091	-1.54412
0.00695087	-1.57291
0.00698083	-1.60117
0.00701079	-1.62969
0.00704075	-1.65773
0.00707071	-1.68297
0.00710067	-1.70199
0.00713063	-1.7118
0.00716059	-1.71146
0.00719056	-1.7023
0.00722052	-1.6867
0.00725048	-1.66671
0.00728044	-1.64361
0.0073104	-1.61842
0.00734036	-1.59233
0.00737032	-1.56644
0.00740028	-1.54157
0.00743024	-1.51806
0.0074602	-1.49522
0.00749016	-1.47114
0.00752012	-1.44335
0.00755008	-1.40922
0.00758004	-1.36593
0.00761	-1.31062
0.00763997	-1.24104
0.00766993	-1.1561
0.00769989	-1.05601
0.00772985	-0.942085
0.00775981	-0.816346
0.00778977	-0.681352
0.00781973	-0.540632
0.00784969	-0.399004
0.00787965	-0.261526
0.00790961	-0.131729
0.00793957	-0.0109158
0.00796953	0.1008
0.00799949	0.202869
0.00802945	0.293627
0.00805941	0.370183
0.00808937	0.427903
0.00811934	0.460188
0.0081493	0.459197
0.00817926	0.417099
0.00820922	0.327303
0.00823918	0.185118
0.00826914	-0.0119583
0.0082991	-0.263189
0.00832906	-0.563197
0.00835902	-0.902089
0.00838898	-1.26693
0.00841894	-1.64284
0.0084489	-2.01388
0.00847886	-2.36466
0.00850882	-2.68198
0.00853878	-2.9558
0.00856875	-3.17914
0.00859871	-3.34747
0.00862867	-3.45773
0.00865863	-3.50767
0.00868859	-3.49615
0.00871855	-3.42504
0.00874851	-3.30118
0.00877847	-3.1361
0.00880843	-2.94364
0.00883839	-2.73751
0.00886835	-2.53002
0.00889831	-2.33147
0.00892827	-2.14965
0.00895823	-1.98944
0.00898819	-1.85273
0.00901815	-1.73853
0.00904812	-1.64302
0.00907808	-1.56009
0.00910804	-1.48307
0.009138	-1.40727
0.00916796	-1.33151
0.00919792	-1.25772
0.00922788	-1.18957
0.00925784	-1.13145
0.0092878	-1.08814
0.00931776	-1.06481
0.00934772	-1.06615
0.00937768	-1.09448
0.00940764	-1.14828
0.0094376	-1.22269
0.00946756	-1.31135
0.00949753	-1.40776
0.00952749	-1.50564
0.00955745	-1.59883
0.00958741	-1.68232
0.00961737	-1.7532
0.00964733	-1.81046
0.00967729	-1.85346
0.00970725	-1.88077
0.00973721	-1.89
0.00976717	-1.87864
0.00979713	-1.84499
0.00982709	-1.78889
0.00985705	-1.71228
0.00988701	-1.61955
0.00991697	-1.51806
0.00994693	-1.41886
0.0099769	-1.33572
0.0100069	-1.2823
0.0100368	-1.26879
0.0100668	-1.29972
0.0100967	-1.37333
0.0101267	-1.48168
0.0101567	-1.61148
0.0101866	-1.74635
0.0102166	-1.87044
0.0102465	-1.9718
0.0102765	-2.04426
0.0103065	-2.08755
0.0103364	-2.10514
0.0103664	-2.10169
0.0103963	-2.08159
0.0104263	-2.04796
0.0104563	-2.00195
0.0104862	-1.9428
0.0105162	-1.86852
0.0105461	-1.77718
0.0105761	-1.66822
0.0106061	-1.54278
0.010636	-1.40294
0.010666	-1.25049
0.010696	-1.08669
0.0107259	-0.913643
0.0107559	-0.73548
0.0107858	-0.558586
0.0108158	-0.391372
0.0108458	-0.242507
0.0108757	-0.117419
0.0109057	-0.0164942
0.0109356	0.0639446
0.0109656	0.13019
0.0109956	0.189822
0.0110255	0.250235
0.0110555	0.317619
0.0110854	0.396197
0.0111154	0.486882
0.0111454	0.586062
0.0111753	0.686534
0.0112053	0.780642
0.0112352	0.863154
0.0112652	0.931827
0.0112952	0.985776
0.0113251	1.02338
0.0113551	1.04107
0.011385	1.03368
0.011415	0.99648
0.011445	0.927439
0.0114749	0.827821
0.0115049	0.701663
0.0115348	0.555713
0.0115648	0.399024
0.0115948	0.241032
0.0116247	0.088942
0.0116547	-0.0539921
0.0116847	-0.189185
0.0117146	-0.322619
0.0117446	-0.463079
0.0117745	-0.618802
0.0118045	-0.794629
0.0118345	-0.991326
0.0118644	-1.20666
0.0118944	-1.43694
0.0119243	-1.67826
0.0119543	-1.92711
0.0119843	-2.18003
0.0120142	-2.43309
0.0120442	-2.68181
0.0120741	-2.92131
0.0121041	-3.14632
0.0121341	-3.35115
0.012164	-3.53033
0.012194	-3.6803
0.0122239	-3.80033
0.0122539	-3.89188
0.0122839	-3.957
0.0123138	-3.99724
0.0123438	-4.01413
0.0123737	-4.01041
0.0124037	-3.99015
0.0124337	-3.95774
0.0124636	-3.91678
0.0124936	-3.86937
0.0125236	-3.81593
0.0125535	-3.75535
0.0125835	-3.68546
0.0126134	-3.60372
0.0126434	-3.50805
0.0126734	-3.39745
0.0127033	-3.27264
0.0127333	-3.13639
0.0127632	-2.99321
0.0127932	-2.84887
0.0128232	-2.70988
0.0128531	-2.5829
0.0128831	-2.47429
0.012913	-2.3898
0.012943	-2.33447
0.012973	-2.31197
0.0130029	-2.32332
0.0130329	-2.36577
0.0130628	-2.43275
0.0130928	-2.51507
0.0131228	-2.60305
0.0131527	-2.68829
0.0131827	-2.7648
0.0132126	-2.82941
0.0132426	-2.88149
0.0132726	-2.92187
0.0133025	-2.9515
0.0133325	-2.97066
0.0133624	-2.97902
0.0133924	-2.97634
0.0134224	-2.96311
0.0134523	-2.94063
0.0134823	-2.91046
0.0135123	-2.8741
0.0135422	-2.8331
0.0135722	-2.78957
0.0136021	-2.74614
0.0136321	-2.7055
0.0136621	-2.66975
0.013692	-2.64024
0.013722	-2.61787
0.0137519	-2.60289
0.0137819	-2.59428
0.0138119	-2.58921
0.0138418	-2.58353
0.0138718	-2.57282
0.0139017	-2.55333
0.0139317	-2.52229
0.0139617	-2.47772
0.0139916	-2.41815
0.0140216	-2.34241
0.0140515	-2.24972
0.0140815	-2.14029
0.0141115	-2.01612
0.0141414	-1.88094
0.0141714	-1.73968
0.0142013	-1.59786
0.0142313	-1.46089
0.0142613	-1.33251
0.0142912	-1.21375
0.0143212	-1.10374
0.0143512	-1.00104
0.0143811	-0.90462
0.0144111	-0.813827
0.014441	-0.727876
0.014471	-0.645476
0.014501	-0.565085
0.0145309	-0.484903
0.0145609	-0.402085
0.0145908	-0.31222
0.0146208	-0.210194
0.0146508	-0.0917382
0.0146807	0.0455231
0.0147107	0.201437
0.0147406	0.372547
0.0147706	0.551755
0.0148006	0.729128
0.0148305	0.893452
0.0148605	1.03414
0.0148904	1.14354
0.0149204	1.21872
0.0149504	1.26194
0.0149803	1.28001
0.0150103	1.28386
