0	0
3.0013E-005	0
6.00239E-005	0
9.00314E-005	0
0.000120007	0
0.000150015	0
0.000180022	0
0.00021003	-47.7546
0.000240006	-50.5687
0.000270001	-44.9436
0.000300026	-55.0906
0.000330019	-44.2149
0.000360013	-44.5024
0.000390006	-43.0709
0.000420031	-53.8923
0.000450025	-50.0431
0.000480018	-52.3245
0.000510012	-56.8676
0.000540005	-51.7731
0.00057003	-50.3629
0.000600023	-45.6835
0.000630017	-47.7501
0.00066001	-47.1081
0.000690004	-50.5946
0.000720029	-41.1388
0.000750022	-35.5649
0.000780016	-45.8641
0.000810009	-49.7864
0.000840002	-42.151
0.000870027	-48.2288
0.000900021	-37.0708
0.000930014	-39.7064
0.000960008	-40.4856
0.000990008	-43.5313
0.00102001	-34.7817
0.00105001	-40.4669
0.00108001	-40.6182
0.00111001	-32.0633
0.00114001	-40.5791
0.00117001	-40.6611
0.00120001	-38.132
0.00123001	-42.7691
0.00126001	-39.6487
0.00129001	-38.6234
0.00132001	-40.6515
0.00135001	-39.269
0.00138001	-41.3159
0.00141001	-35.3544
0.00144001	-32.5196
0.00147002	-31.8966
0.00150002	-31.5567
0.00153002	-32.9705
0.00156002	-36.1047
0.00159002	-36.9293
0.00162002	-30.025
0.00165002	-37.9877
0.00168002	-33.0964
0.00171002	-35.2945
0.00174002	-42.8832
0.00177002	-27.9337
0.00180002	-32.5635
0.00183002	-25.19
0.00186002	-25.6909
0.00189002	-25.0294
0.00192002	-19.4463
0.00195002	-20.9466
0.00198	-19.1584
0.00201002	-22.711
0.00204001	-20.7524
0.00207003	-19.1461
0.00210001	-23.795
0.00213003	-21.1517
0.00216002	-16.4282
0.00219	-21.4228
0.00222002	-12.0676
0.00225001	-19.6618
0.00228002	-18.1982
0.00231001	-15.4583
0.00234003	-15.9477
0.00237001	-17.7896
0.0024	-17.2493
0.00243002	-16.4281
0.00246	-17.207
0.00249002	-16.4594
0.00252001	-15.4863
0.00255003	-19.4193
0.00258001	-18.2427
0.00261003	-13.8288
0.00264002	-10.0804
0.00267	-15.5433
0.00270002	-13.5323
0.00273001	-14.7582
0.00276002	-11.3863
0.00279001	-19.4716
0.00282003	-14.8634
0.00285001	-13.7154
0.00288003	-17.1415
0.00291002	-13.005
0.00294	-13.8385
0.00297002	-14.0117
0.003	-22.1041
0.00303002	-10.741
0.00306003	-15.983
0.00309002	-12.4867
0.00312003	-7.13549
0.00315002	-11.0882
0.00318003	-15.2029
0.00321002	-14.6769
0.00324003	-14.1291
0.00327001	-10.0796
0.00330003	-12.701
0.00333001	-12.0853
0.00336003	-10.0491
0.00339001	-11.1602
0.00342003	-11.1233
0.00345001	-11.4385
0.00348003	-8.65497
0.00351001	-10.3114
0.00354003	-8.85107
0.00357001	-6.85846
0.00360003	-8.74352
0.00363001	-5.88172
0.00366003	-6.68253
0.00369001	-6.77914
0.00372003	-12.6842
0.00375001	-11.7448
0.00378003	-7.9315
0.00381001	-8.52165
0.00384003	-9.68777
0.00387001	-7.98893
0.00390003	-6.14811
0.00393003	-9.97804
0.00396002	-8.53205
0.00399	-9.31147
0.00402002	-11.878
0.00405002	-11.1101
0.00408001	-7.19955
0.00411003	-6.15681
0.00414001	-8.6585
0.00417	-10.8168
0.00420002	-4.66878
0.00423001	-5.92519
0.00426003	-8.22584
0.00429002	-4.71834
0.00432	-5.53722
0.00435002	-5.73523
0.00438001	-5.43932
0.00441003	-7.14381
0.00444002	-3.08227
0.00447001	-6.61789
0.00450003	-6.11546
0.00453001	-4.74427
0.00456	-6.62187
0.00459002	-3.30649
0.00462001	-5.32848
0.00465003	-5.01015
0.00468002	-2.85097
0.00471	-4.05047
0.00474002	-5.62451
0.00477001	-3.3021
0.00480003	-4.17664
0.00483002	-6.77442
0.00486	-6.10964
0.00489002	-4.9206
0.00492001	-5.43377
0.00495003	-2.5196
0.00498002	-5.87252
0.00501001	-2.51069
0.00504003	-4.10872
0.00507001	-5.87869
0.0051	-3.47356
0.00513002	-2.59977
0.00516001	-2.29781
0.00519003	-3.10839
0.00522002	-2.90304
0.00525	-5.02924
0.00528002	-1.83455
0.00531001	-1.76045
0.00534003	-1.96985
0.00537002	-3.31808
0.00540001	-4.92763
0.00543003	-4.53035
0.00546001	-2.94561
0.00549	-2.84873
0.00552002	-3.86111
0.00555001	-2.52699
0.00558003	-2.71923
0.00561001	-3.57845
0.00564	-4.19072
0.00567002	-3.44091
0.00570001	-3.67449
0.00573003	-1.53907
0.00576002	-5.214
0.00579	-2.80308
0.00582002	-2.20747
0.00585001	-5.79953
0.00588003	-5.26271
0.00591002	-2.41295
0.00594001	-2.35986
0.00597003	-1.98081
0.00600001	-6.02511
0.00603002	-3.55918
0.00606003	-3.78322
0.00609002	-3.71637
0.00612002	-2.67565
0.00615002	-4.72068
0.00618003	-5.66055
0.00621	-4.29563
0.00624	-5.28484
0.00627004	-4.70524
0.00630001	-4.14772
0.00633002	-4.32855
0.00636	-4.47189
0.00639004	-4.65658
0.00642003	-4.02373
0.00645005	-3.39172
0.00648001	-3.31464
0.00651003	-3.90495
0.00654005	-4.05322
0.00657002	-3.59288
0.00660004	-3.95832
0.00663	-4.6765
0.00666002	-4.60959
0.00669004	-2.68427
0.00672001	-4.41899
0.00675003	-4.62743
0.00678005	-3.57589
0.00681002	-4.70553
0.00684002	-4.08717
0.00687002	-2.43857
0.00690002	-2.52063
0.00693001	-3.31321
0.00696001	-3.87523
0.00699	-5.02283
0.00702	-4.39381
0.00705006	-3.99352
0.00708005	-3.76014
0.00711005	-5.68701
0.00714005	-4.54555
0.00717004	-6.497
0.00720004	-4.45998
0.00723003	-3.64934
0.00726003	-4.76037
0.00729003	-4.32759
0.00732002	-5.85769
0.00735002	-5.09888
0.00738001	-4.90448
0.00741001	-6.67618
0.00744001	-5.85124
0.00747	-6.30305
0.00750003	-7.03341
0.00753006	-6.91873
0.00756004	-5.64677
0.00759001	-5.48257
0.00762006	-5.11223
0.00765004	-6.62931
0.00768001	-7.27272
0.00771006	-6.78046
0.00774003	-6.54306
0.00777001	-8.1696
0.00780006	-8.10623
0.00783003	-8.193
0.00786001	-8.05822
0.00789006	-8.82151
0.00792003	-9.16219
0.00795001	-9.0856
0.00798005	-9.15895
0.00801003	-9.1021
0.00804001	-8.2611
0.00807005	-8.46944
0.00810003	-9.405
0.00813	-9.1568
0.00816005	-8.26047
0.00819003	-9.06048
0.00822	-9.19828
0.00825005	-10.1615
0.00828002	-8.72633
0.00831	-8.82145
0.00834005	-9.27843
0.00837002	-9.09747
0.00840007	-9.80749
0.00843005	-9.15695
0.00846002	-10.6678
0.00849007	-9.61458
0.00852004	-10.2295
0.00855002	-10.5039
0.00858007	-10.705
0.00861004	-11.3947
0.00864002	-10.8957
0.00867007	-11.1699
0.00870004	-12.3361
0.00873002	-12.9493
0.00876006	-13.1662
0.00879004	-14.6686
0.00882002	-14.9314
0.00885006	-15.7582
0.00888006	-22.8393
0.00891007	-27.6421
0.00894001	-27.1655
0.00897002	-27.3464
0.00900003	-27.6883
0.00903004	-26.327
0.00906006	-25.7676
0.00909007	-25.9943
0.00912001	-24.1575
0.00915002	-23.1983
0.00918003	-22.6998
0.00921004	-18.9747
0.00924006	-18.1009
0.00927007	-15.6118
0.00930001	-17.6856
0.00933002	-16.5103
0.00936003	-17.3845
0.00939004	-17.7219
0.00942006	-19.838
0.00945007	-18.6867
0.00948001	-16.7832
0.00951002	-18.3116
0.00954003	-17.8747
0.00957005	-18.0524
0.00960006	-16.9796
0.00963007	-16.4369
0.00966001	-16.3605
0.00969002	-16.4377
0.00972003	-16.6155
0.00975005	-14.4106
0.00978006	-17.6582
0.00981007	-15.7979
0.00984001	-15.9188
0.00987002	-16.2508
0.00990003	-14.6065
0.00993005	-14.8708
0.00996006	-15.1712
0.00999007	-15.3272
0.01002	-12.9282
0.01005	-13.5235
0.01008	-12.5768
0.01011	-12.8025
0.0101401	-12.7666
0.0101701	-12.0551
0.0102	-11.6405
0.01023	-11.0059
0.01026	-11.4792
0.01029	-11.6774
0.0103201	-11.5832
0.0103501	-11.5472
0.01038	-11.9603
0.01041	-11.9176
0.01044	-10.8522
0.01047	-10.3808
0.0105001	-10.5222
0.0105301	-10.6736
0.01056	-10.1952
0.01059	-10.2155
0.01062	-9.70367
0.01065	-9.94384
0.0106801	-10.1616
0.0107101	-9.85774
0.01074	-10.3622
0.01077	-9.75518
0.0108	-9.43817
0.01083	-9.30911
0.0108601	-9.12352
0.0108901	-9.64316
0.01092	-8.85243
0.01095	-9.474
0.01098	-9.20713
0.01101	-9.17028
0.0110401	-8.63687
0.0110701	-9.1873
0.0111	-9.16423
0.01113	-9.0405
0.01116	-8.93847
0.01119	-9.61011
0.0112201	-9.24565
0.0112501	-9.51965
0.01128	-8.8107
0.01131	-9.01156
0.01134	-9.40007
0.01137	-8.74393
0.0114001	-9.18548
0.01143	-9.79552
0.01146	-9.46124
0.01149	-9.39224
0.01152	-9.71876
0.0115501	-9.05163
0.01158	-9.27942
0.0116101	-9.59745
0.0116401	-8.61404
0.01167	-8.73126
0.0117	-8.71965
0.01173	-7.65059
0.0117601	-7.11038
0.0117901	-7.30971
0.0118201	-7.92819
0.01185	-8.05983
0.01188	-9.3668
0.0119101	-10.2215
0.0119401	-10.4111
0.0119701	-10.9663
0.012	-11.0645
0.01203	-11.473
0.01206	-11.4615
0.0120901	-11.9424
0.0121201	-11.1626
0.01215	-11.5475
0.01218	-11.5502
0.01221	-11.0118
0.0122401	-11.1856
0.0122701	-11.4509
0.0123	-11.6175
0.01233	-11.3704
0.01236	-11.5146
0.0123901	-11.4045
0.0124201	-11.8073
0.01245	-12.0382
0.01248	-12.7536
0.01251	-12.2738
0.0125401	-12.6459
0.0125701	-13.1193
0.0126	-13.2672
0.01263	-13.0585
0.01266	-13.4234
0.0126901	-14.0107
0.0127201	-14.2459
0.0127501	-14.5067
0.01278	-14.2715
0.01281	-15.2055
0.0128401	-14.977
0.0128701	-15.0069
0.0129001	-16.2886
0.01293	-15.5121
0.01296	-15.7482
0.01299	-15.9065
0.0130201	-16.1326
0.0130501	-16.3091
0.01308	-15.9603
0.01311	-16.3248
0.01314	-15.7666
0.0131701	-15.8073
0.0132001	-15.5457
0.01323	-16.188
0.01326	-15.3566
0.01329	-14.5733
0.0133201	-14.3589
0.0133501	-13.563
0.01338	-13.4956
0.01341	-13.33
0.01344	-12.9296
0.0134701	-12.4756
0.0135001	-11.6882
0.0135301	-11.7996
0.01356	-11.6098
0.0135901	-11.4889
0.0136201	-11.1374
0.01365	-10.8184
0.0136801	-9.57856
0.01371	-10.1162
0.0137401	-9.82857
0.01377	-10.0334
0.0138001	-10.4481
0.0138301	-10.0542
0.01386	-9.75953
0.0138901	-9.65125
0.01392	-9.74862
0.0139501	-9.6861
0.01398	-9.53372
0.0140101	-9.51482
0.01404	-9.34238
0.0140701	-9.1518
0.0141001	-8.84092
0.01413	-8.79176
0.0141601	-8.42587
0.01419	-8.03162
0.0142201	-8.00035
0.01425	-8.0432
0.0142801	-7.44367
0.0143101	-6.9309
0.01434	-6.88303
0.0143701	-6.53342
0.0144	-6.36905
0.0144301	-5.87831
0.01446	-5.64957
0.0144901	-5.45489
0.0145201	-5.05673
0.01455	-4.98425
0.0145801	-4.80867
0.01461	-4.65354
0.0146401	-4.61567
0.01467	-4.19645
0.0147001	-4.04414
0.01473	-3.64047
0.0147601	-3.59418
0.0147901	-3.35357
0.01482	-3.16562
0.0148501	-2.91392
0.01488	-2.37812
0.0149101	-2.58735
0.01494	-1.7876
0.0149701	-1.48849
0.015	-1.21652
