0	0
3.0013E-005	0
6.00239E-005	0
9.00314E-005	0
0.000120007	0
0.000150015	0
0.000180022	0
0.00021003	-45.3973
0.000240006	-49.1773
0.000270001	-54.9286
0.000300026	-37.1683
0.000330019	-49.225
0.000360013	-43.5131
0.000390006	-39.2358
0.000420031	-46.7878
0.000450025	-49.3589
0.000480018	-44.5166
0.000510012	-51.4819
0.000540005	-44.7981
0.00057003	-44.7225
0.000600023	-41.5282
0.000630017	-46.2953
0.00066001	-49.9198
0.000690004	-45.0308
0.000720029	-46.3816
0.000750022	-49.989
0.000780016	-49.3789
0.000810009	-45.9765
0.000840002	-45.2472
0.000870027	-42.8617
0.000900021	-40.7018
0.000930014	-30.7153
0.000960008	-44.3777
0.000990008	-37.6723
0.00102001	-35.8107
0.00105001	-37.526
0.00108001	-36.3009
0.00111001	-32.9387
0.00114001	-31.0483
0.00117001	-39.8498
0.00120001	-46.0395
0.00123001	-35.634
0.00126001	-33.5581
0.00129001	-32.3954
0.00132001	-33.2563
0.00135001	-38.6302
0.00138001	-41.4545
0.00141001	-37.2794
0.00144001	-36.0608
0.00147002	-36.0695
0.00150002	-42.1569
0.00153002	-42.2606
0.00156002	-40.3347
0.00159002	-42.8307
0.00162002	-38.6012
0.00165002	-32.0676
0.00168002	-39.0281
0.00171002	-34.6291
0.00174002	-17.2459
0.00177001	-32.3252
0.00180003	-25.2648
0.00183002	-26.5062
0.00186	-29.4851
0.00189002	-19.3682
0.00192001	-21.9221
0.00195003	-19.3868
0.00198001	-20.2773
0.00201003	-26.8095
0.00204002	-21.4714
0.00207	-22.6894
0.00210002	-15.9009
0.00213001	-20.2227
0.00216002	-17.0718
0.00219001	-17.0154
0.00222003	-14.8836
0.00225001	-16.5526
0.00228	-19.9933
0.00231002	-13.4899
0.00234	-17.9024
0.00237002	-18.3473
0.00240001	-17.7668
0.00243003	-20.2369
0.00246001	-19.8716
0.00249003	-15.2165
0.00252002	-14.4735
0.00255	-18.704
0.00258002	-23.6355
0.00261001	-14.9343
0.00264002	-17.3885
0.00267001	-16.7103
0.00270003	-13.53
0.00273001	-23.2457
0.00276	-23.0389
0.00279002	-20.9842
0.00282	-15.9504
0.00285002	-13.7696
0.00288001	-16.2818
0.00291003	-17.5076
0.00294001	-16.6328
0.00297003	-15.4029
0.00300002	-18.3744
0.00303	-22.3962
0.00306002	-20.5819
0.00309001	-13.2997
0.00312002	-18.0284
0.00315001	-19.9183
0.00318003	-11.837
0.00321001	-16.4622
0.00324	-14.3899
0.00327002	-12.2043
0.0033	-10.8848
0.00333002	-14.9759
0.00336	-13.4473
0.00339002	-14.5904
0.00342	-13.591
0.00345002	-9.54176
0.00348001	-15.7402
0.00351003	-11.2096
0.00354	-10.1244
0.00357001	-17.6307
0.00360002	-14.2267
0.00363	-11.6674
0.00366001	-9.46345
0.00369002	-12.2566
0.00372003	-10.7203
0.00375001	-15.8002
0.00378002	-10.651
0.00381003	-10.6434
0.00384001	-8.66273
0.00387002	-11.2812
0.00390003	-10.4537
0.00393001	-11.8112
0.00396002	-14.4262
0.00399003	-17.6597
0.00402	-13.965
0.00405002	-15.6523
0.00408003	-12.9877
0.00411	-12.9941
0.00414001	-13.8436
0.00417003	-12.3841
0.0042	-14.8303
0.00423001	-15.0686
0.00426002	-16.4325
0.00429	-12.0385
0.00432001	-15.7801
0.00435002	-11.9729
0.00438003	-18.2255
0.00441001	-12.3148
0.00444002	-12.9512
0.00447003	-10.2888
0.00450001	-13.8551
0.00453002	-12.6643
0.00456003	-12.071
0.00459001	-13.6508
0.00462002	-12.8287
0.00465003	-12.1424
0.00468	-10.9166
0.00471002	-10.4234
0.00474003	-12.3116
0.00477	-11.0215
0.00480001	-13.5218
0.00483003	-10.096
0.00486	-10.7101
0.00489001	-13.2159
0.00492002	-10.3469
0.00495	-9.98731
0.00498001	-7.85434
0.00501002	-8.20003
0.00504003	-10.1005
0.00507001	-11.763
0.00510002	-12.8847
0.00513003	-9.40809
0.00516001	-12.0746
0.00519002	-14.5595
0.00522003	-10.5978
0.00525001	-9.80913
0.00528002	-7.62402
0.00531003	-10.0548
0.00534	-10.5314
0.00537002	-7.49326
0.00540003	-7.09209
0.00543	-8.45751
0.00546001	-12.3242
0.00549003	-11.079
0.00552	-10.3674
0.00555001	-8.8232
0.00558002	-9.35117
0.00561	-10.2029
0.00564001	-8.03746
0.00567002	-9.53918
0.00570003	-10.384
0.00573001	-15.4041
0.00576002	-14.4025
0.00579003	-9.98771
0.00582001	-12.4226
0.00585002	-11.6807
0.00588003	-10.287
0.00591001	-11.0817
0.00594002	-9.39336
0.00597003	-7.31789
0.006	-10.109
0.00603002	-10.5476
0.00606003	-9.69892
0.00609	-8.64193
0.00612001	-10.6029
0.00615003	-10.8021
0.00618	-10.3902
0.00621001	-14.0822
0.00624002	-7.525
0.00627	-6.45662
0.00630001	-7.93791
0.00633002	-7.43833
0.00636003	-8.82411
0.00639001	-7.09956
0.00642003	-14.2004
0.00645001	-12.2415
0.00648003	-15.6527
0.00651001	-15.0348
0.00654003	-10.8861
0.00657001	-15.4606
0.00660003	-10.862
0.00663001	-14.6847
0.00666003	-16.4526
0.00669001	-13.8501
0.00672003	-11.8859
0.00675001	-16.2531
0.00678003	-12.0492
0.00681001	-13.3092
0.00684003	-9.62437
0.00687001	-11.3047
0.00690003	-11.5668
0.00693001	-14.2912
0.00696003	-11.0772
0.00699	-12.5337
0.00702002	-14.3338
0.00705	-12.8004
0.00708002	-15.3196
0.00711	-12.4423
0.00714002	-17.3033
0.00717	-15.3297
0.00720002	-12.9901
0.00723	-14.5151
0.00726002	-12.8708
0.00729	-14.7543
0.00732002	-13.3664
0.00735004	-15.2802
0.00738002	-14.8717
0.00741004	-15.2211
0.00744002	-15.3335
0.00747004	-12.9598
0.00750002	-17.4667
0.00753004	-14.2299
0.00756002	-15.0738
0.00759004	-21.1472
0.00762002	-17.3777
0.00765003	-17.2014
0.00768001	-13.7121
0.00771003	-13.227
0.00774001	-14.0679
0.00777003	-19.3592
0.00780001	-17.9446
0.00783003	-15.967
0.00786002	-15.9741
0.00789002	-16.4267
0.00792002	-19.9855
0.00795001	-16.3047
0.00798001	-15.7668
0.00801	-16.4264
0.00804	-18.4735
0.00807004	-16.8834
0.00810003	-18.5371
0.00813003	-21.6173
0.00816003	-21.3143
0.00819002	-20.6745
0.00822002	-22.9271
0.00825001	-23.3442
0.00828001	-21.8473
0.00831001	-27.4976
0.00834	-22.7944
0.00837004	-24.8279
0.00840004	-21.5641
0.00843003	-26.0759
0.00846003	-24.5362
0.00849002	-30.66
0.00852002	-29.79
0.00855002	-28.4416
0.00858001	-26.5424
0.00861001	-31.3016
0.00864	-26.5923
0.00867004	-32.1187
0.00870004	-30.5951
0.00873003	-28.7726
0.00876003	-33.5251
0.00879002	-29.3655
0.00882002	-31.7421
0.00885002	-35.2974
0.00888001	-36.8029
0.00891001	-30.0927
0.00894	-29.1538
0.00897	-35.0037
0.00900004	-32.9627
0.00903003	-34.1495
0.00906003	-30.1669
0.00909003	-27.7686
0.00912002	-24.5389
0.00915002	-27.1212
0.00918001	-26.4471
0.00921001	-30.2336
0.00924001	-31.9085
0.00927	-28.6796
0.00930004	-26.9974
0.00933004	-27.4584
0.00936003	-29.7733
0.00939003	-27.82
0.00942002	-27.5058
0.00945002	-25.6798
0.00948002	-30.553
0.00951001	-26.8039
0.00954001	-28.4913
0.00957	-25.1769
0.0096	-26.9729
0.00963004	-26.8493
0.00966003	-25.6971
0.00969003	-21.8591
0.00972002	-22.7476
0.00975002	-22.7302
0.00978002	-20.5312
0.00981001	-23.8278
0.00984001	-22.3557
0.00987	-21.717
0.0099	-23.1531
0.00993004	-23.1478
0.00996003	-19.9357
0.00999001	-21.3953
0.01002	-21.2278
0.01005	-22.7115
0.01008	-19.4727
0.01011	-20.9106
0.01014	-21.1238
0.01017	-21.6636
0.0102	-21.459
0.01023	-19.6487
0.01026	-23.9791
0.01029	-22.3754
0.01032	-22.1381
0.01035	-21.367
0.01038	-23.821
0.01041	-21.9287
0.01044	-18.3235
0.01047	-21.0168
0.0105	-17.8389
0.01053	-21.8029
0.01056	-19.2078
0.01059	-18.6445
0.01062	-19.83
0.01065	-21.1914
0.01068	-19.3051
0.0107101	-18.7614
0.01074	-19.7556
0.01077	-19.2673
0.0108	-20.033
0.01083	-17.8409
0.01086	-20.0528
0.01089	-18.5317
0.01092	-19.6294
0.0109501	-16.8782
0.01098	-17.5574
0.01101	-16.9584
0.01104	-18.7379
0.01107	-17.6957
0.0111	-17.2345
0.01113	-18.5816
0.01116	-16.5561
0.0111901	-17.4687
0.01122	-16.8311
0.01125	-18.0227
0.01128	-16.7821
0.01131	-17.2214
0.01134	-16.6559
0.01137	-18.0257
0.0114	-17.2206
0.01143	-18.168
0.01146	-16.4577
0.01149	-16.485
0.01152	-16.2836
0.01155	-16.6882
0.01158	-16.4141
0.01161	-16.2383
0.0116401	-16.4666
0.01167	-16.3686
0.0117	-17.3094
0.01173	-15.5786
0.01176	-15.7715
0.01179	-15.475
0.01182	-15.8311
0.01185	-16.0815
0.0118801	-16.086
0.01191	-16.6986
0.01194	-16.088
0.01197	-16.5065
0.012	-15.3142
0.01203	-13.8151
0.01206	-14.6365
0.01209	-13.5799
0.0121201	-14.4896
0.01215	-15.692
0.01218	-15.5422
0.01221	-14.3277
0.01224	-14.9364
0.01227	-15.3521
0.0123	-14.7193
0.01233	-13.9846
0.01236	-15.6187
0.01239	-16.1101
0.01242	-16.9661
0.01245	-15.9397
0.01248	-18.2475
0.01251	-17.2227
0.01254	-16.1994
0.0125701	-17.0946
0.0126	-16.5321
0.01263	-16.6862
0.01266	-18.3976
0.01269	-17.7896
0.01272	-18.6598
0.0127501	-18.7304
0.01278	-17.5636
0.01281	-18.1606
0.01284	-17.285
0.01287	-18.6506
0.0129	-18.7605
0.01293	-19.6309
0.0129601	-18.2871
0.01299	-17.1215
0.01302	-17.9369
0.0130501	-16.9906
0.0130801	-19.2423
0.01311	-20.1702
0.01314	-20.5918
0.01317	-20.2812
0.0132	-21.2819
0.0132301	-21.9085
0.01326	-22.6612
0.01329	-25.024
0.01332	-23.6286
0.01335	-24.9616
0.0133801	-24.8543
0.01341	-24.852
0.01344	-23.615
0.01347	-24.0616
0.0135	-23.2725
0.0135301	-24.2195
0.01356	-22.6964
0.01359	-21.9379
0.0136201	-21.724
0.01365	-20.9944
0.01368	-23.0259
0.01371	-21.4783
0.01374	-22.0873
0.0137701	-22.2033
0.0138	-23.7522
0.01383	-22.8036
0.01386	-23.1305
0.01389	-23.1536
0.0139201	-22.9741
0.01395	-22.1314
0.01398	-22.7946
0.01401	-22.941
0.01404	-23.6051
0.0140701	-21.8094
0.0141	-23.4221
0.01413	-22.6539
0.01416	-22.2979
0.01419	-23.1064
0.0142201	-23.7457
0.01425	-24.4262
0.01428	-24.3631
0.0143101	-23.7924
0.01434	-23.6852
0.0143701	-23.6346
0.0144	-24.1269
0.01443	-24.9231
0.0144601	-25.6558
0.01449	-25.2722
0.01452	-25.2184
0.01455	-24.2451
0.01458	-25.1991
0.0146101	-25.0303
0.01464	-25.5728
0.01467	-24.5486
0.0147	-24.4848
0.01473	-25.1008
0.0147601	-25.1054
0.01479	-24.4689
0.01482	-25.7304
0.01485	-25.2382
0.01488	-26.5693
0.0149101	-26.2205
0.01494	-26.2616
0.01497	-26.7097
0.015	-25.2147
