0	-3.76177
2.98992E-005	-5.73554
5.97984E-005	-8.10984
8.96975E-005	-10.8864
0.000119597	-14.0414
0.000149496	-17.5164
0.000179395	-21.209
0.000209294	-24.9708
0.000239193	-28.6302
0.000269093	-32.0335
0.000298992	-35.0709
0.000328891	-37.6803
0.00035879	-39.8394
0.000388689	-41.5531
0.000418589	-42.8414
0.000448488	-43.7328
0.000478387	-44.263
0.000508286	-44.4773
0.000538185	-44.4273
0.000568084	-44.1598
0.000597984	-43.7094
0.000627883	-43.0992
0.000657782	-42.3462
0.000687681	-41.4652
0.00071758	-40.4715
0.000747479	-39.3868
0.000777379	-38.2431
0.000807278	-37.0797
0.000837177	-35.9386
0.000867076	-34.8611
0.000896975	-33.8867
0.000926875	-33.0447
0.000956774	-32.3439
0.000986673	-31.7728
0.00101657	-31.3109
0.00104647	-30.938
0.00107637	-30.6369
0.00110627	-30.3966
0.00113617	-30.2148
0.00116607	-30.0947
0.00119597	-30.0386
0.00122587	-30.0428
0.00125577	-30.0957
0.00128566	-30.1803
0.00131556	-30.2773
0.00134546	-30.366
0.00137536	-30.4233
0.00140526	-30.4259
0.00143516	-30.3535
0.00146506	-30.1941
0.00149496	-29.945
0.00152486	-29.6111
0.00155476	-29.2021
0.00158466	-28.7313
0.00161456	-28.2149
0.00164445	-27.6718
0.00167435	-27.1228
0.00170425	-26.5848
0.00173415	-26.0673
0.00176405	-25.5743
0.00179395	-25.1096
0.00182385	-24.6765
0.00185375	-24.2737
0.00188365	-23.8939
0.00191355	-23.5271
0.00194345	-23.1639
0.00197335	-22.7973
0.00200325	-22.4226
0.00203314	-22.036
0.00206304	-21.6381
0.00209294	-21.2355
0.00212284	-20.8392
0.00215274	-20.4604
0.00218264	-20.1102
0.00221254	-19.7994
0.00224244	-19.5347
0.00227234	-19.3144
0.00230224	-19.1269
0.00233214	-18.9518
0.00236204	-18.7644
0.00239193	-18.544
0.00242183	-18.2805
0.00245173	-17.9746
0.00248163	-17.634
0.00251153	-17.2717
0.00254143	-16.9058
0.00257133	-16.556
0.00260123	-16.2393
0.00263113	-15.9653
0.00266103	-15.7344
0.00269093	-15.5394
0.00272083	-15.371
0.00275072	-15.2219
0.00278062	-15.0884
0.00281052	-14.9696
0.00284042	-14.8655
0.00287032	-14.7745
0.00290022	-14.6933
0.00293012	-14.6182
0.00296002	-14.5463
0.00298992	-14.4736
0.00301982	-14.3938
0.00304972	-14.301
0.00307962	-14.1938
0.00310951	-14.0759
0.00313941	-13.9547
0.00316931	-13.8409
0.00319921	-13.7475
0.00322911	-13.6872
0.00325901	-13.6698
0.00328891	-13.6996
0.00331881	-13.7739
0.00334871	-13.8829
0.00337861	-14.0121
0.00340851	-14.1443
0.00343841	-14.2618
0.0034683	-14.3485
0.0034982	-14.3936
0.0035281	-14.3933
0.003558	-14.3501
0.0035879	-14.2703
0.0036178	-14.1619
0.0036477	-14.0334
0.0036776	-13.8931
0.0037075	-13.7469
0.0037374	-13.5987
0.0037673	-13.4514
0.0037972	-13.3086
0.0038271	-13.1758
0.00385699	-13.0585
0.00388689	-12.9591
0.00391679	-12.8752
0.00394669	-12.8024
0.00397659	-12.7375
0.00400649	-12.6798
0.00403639	-12.6304
0.00406629	-12.5924
0.00409619	-12.5685
0.00412609	-12.5582
0.00415599	-12.5563
0.00418589	-12.5565
0.00421578	-12.5553
0.00424568	-12.553
0.00427558	-12.5545
0.00430548	-12.5699
0.00433538	-12.6114
0.00436528	-12.6871
0.00439518	-12.7992
0.00442508	-12.9432
0.00445498	-13.1098
0.00448488	-13.2873
0.00451478	-13.4639
0.00454468	-13.6282
0.00457457	-13.7728
0.00460447	-13.8966
0.00463437	-14.0058
0.00466427	-14.1113
0.00469417	-14.225
0.00472407	-14.3568
0.00475397	-14.5143
0.00478387	-14.7024
0.00481377	-14.925
0.00484367	-15.1849
0.00487357	-15.4806
0.00490347	-15.8059
0.00493336	-16.1509
0.00496326	-16.5023
0.00499316	-16.8431
0.00502306	-17.1535
0.00505296	-17.414
0.00508286	-17.6095
0.00511276	-17.7324
0.00514266	-17.7852
0.00517256	-17.779
0.00520246	-17.7295
0.00523236	-17.6511
0.00526226	-17.5512
0.00529215	-17.4303
0.00532205	-17.2876
0.00535195	-17.127
0.00538185	-16.9583
0.00541175	-16.7928
0.00544165	-16.637
0.00547155	-16.4914
0.00550145	-16.3524
0.00553135	-16.2166
0.00556125	-16.0837
0.00559115	-15.9559
0.00562105	-15.8374
0.00565095	-15.7323
0.00568084	-15.6404
0.00571074	-15.5555
0.00574064	-15.4693
0.00577054	-15.376
0.00580044	-15.2743
0.00583034	-15.1647
0.00586024	-15.0483
0.00589014	-14.9283
0.00592004	-14.8097
0.00594994	-14.6987
0.00597984	-14.5989
0.00600974	-14.5114
0.00603963	-14.4366
0.00606953	-14.3756
0.00609943	-14.3295
0.00612933	-14.2966
0.00615923	-14.274
0.00618913	-14.2579
0.00621903	-14.2439
0.00624893	-14.2277
0.00627883	-14.2079
0.00630873	-14.1851
0.00633863	-14.1605
0.00636853	-14.1354
0.00639842	-14.1107
0.00642832	-14.0868
0.00645822	-14.0644
0.00648812	-14.045
0.00651802	-14.0292
0.00654792	-14.0169
0.00657782	-14.0081
0.00660772	-14.0027
0.00663762	-14
0.00666752	-13.9981
0.00669742	-13.9938
0.00672732	-13.9846
0.00675721	-13.9696
0.00678711	-13.9508
0.00681701	-13.9319
0.00684691	-13.9165
0.00687681	-13.9072
0.00690671	-13.9057
0.00693661	-13.913
0.00696651	-13.93
0.00699641	-13.9585
0.00702631	-14.0016
0.00705621	-14.0624
0.00708611	-14.1433
0.007116	-14.244
0.0071459	-14.3626
0.0071758	-14.4963
0.0072057	-14.6436
0.0072356	-14.804
0.0072655	-14.9774
0.0072954	-15.163
0.0073253	-15.36
0.0073552	-15.5683
0.0073851	-15.7879
0.007415	-16.018
0.0074449	-16.2564
0.00747479	-16.5006
0.00750469	-16.7475
0.00753459	-16.9939
0.00756449	-17.2361
0.00759439	-17.4706
0.00762429	-17.6953
0.00765419	-17.9109
0.00768409	-18.1212
0.00771399	-18.3302
0.00774389	-18.5408
0.00777379	-18.7558
0.00780369	-18.9781
0.00783359	-19.2106
0.00786348	-19.4555
0.00789338	-19.7131
0.00792328	-19.9807
0.00795318	-20.2526
0.00798308	-20.5217
0.00801298	-20.781
0.00804288	-21.0249
0.00807278	-21.2502
0.00810268	-21.4564
0.00813258	-21.6436
0.00816248	-21.8119
0.00819238	-21.9603
0.00822227	-22.0881
0.00825217	-22.195
0.00828207	-22.2823
0.00831197	-22.3521
0.00834187	-22.4072
0.00837177	-22.4503
0.00840167	-22.4843
0.00843157	-22.512
0.00846147	-22.5356
0.00849137	-22.5571
0.00852127	-22.5784
0.00855117	-22.6009
0.00858106	-22.6257
0.00861096	-22.6526
0.00864086	-22.681
0.00867076	-22.7118
0.00870066	-22.7486
0.00873056	-22.7982
0.00876046	-22.869
0.00879036	-22.9677
0.00882026	-23.098
0.00885016	-23.2594
0.00888006	-23.4472
0.00890996	-23.6529
0.00893985	-23.8669
0.00896975	-24.0804
0.00899965	-24.286
0.00902955	-24.4768
0.00905945	-24.6465
0.00908935	-24.7896
0.00911925	-24.9023
0.00914915	-24.981
0.00917905	-25.0231
0.00920895	-25.0267
0.00923885	-24.9913
0.00926875	-24.9177
0.00929864	-24.8076
0.00932854	-24.6636
0.00935844	-24.4883
0.00938834	-24.2851
0.00941824	-24.0588
0.00944814	-23.8152
0.00947804	-23.559
0.00950794	-23.2933
0.00953784	-23.0176
0.00956774	-22.7281
0.00959764	-22.4198
0.00962754	-22.0888
0.00965744	-21.7331
0.00968733	-21.3522
0.00971723	-20.9478
0.00974713	-20.5237
0.00977703	-20.0859
0.00980693	-19.6408
0.00983683	-19.1941
0.00986673	-18.7498
0.00989663	-18.3113
0.00992653	-17.8821
0.00995643	-17.4658
0.00998633	-17.0665
0.0100162	-16.6875
0.0100461	-16.3327
0.010076	-16.0071
0.0101059	-15.7165
0.0101358	-15.4652
0.0101657	-15.2545
0.0101956	-15.0819
0.0102255	-14.9418
0.0102554	-14.8264
0.0102853	-14.7272
0.0103152	-14.6365
0.0103451	-14.5484
0.010375	-14.4598
0.0104049	-14.3699
0.0104348	-14.2794
0.0104647	-14.1884
0.0104946	-14.0959
0.0105245	-14.0013
0.0105544	-13.9045
0.0105843	-13.8069
0.0106142	-13.71
0.0106441	-13.6153
0.010674	-13.5235
0.0107039	-13.4352
0.0107338	-13.3513
0.0107637	-13.2731
0.0107936	-13.2031
0.0108235	-13.1437
0.0108534	-13.0963
0.0108833	-13.0611
0.0109132	-13.0383
0.0109431	-13.0274
0.010973	-13.0269
0.0110029	-13.0341
0.0110328	-13.0469
0.0110627	-13.0647
0.0110926	-13.0889
0.0111225	-13.1216
0.0111524	-13.1654
0.0111823	-13.2232
0.0112122	-13.2969
0.0112421	-13.388
0.011272	-13.498
0.0113019	-13.6294
0.0113318	-13.7831
0.0113617	-13.9579
0.0113916	-14.1504
0.0114215	-14.3553
0.0114514	-14.5652
0.0114813	-14.7711
0.0115112	-14.9649
0.0115411	-15.1396
0.011571	-15.2895
0.0116009	-15.4098
0.0116308	-15.4973
0.0116607	-15.5516
0.0116906	-15.5751
0.0117205	-15.572
0.0117504	-15.5472
0.0117803	-15.5043
0.0118102	-15.4453
0.0118401	-15.3717
0.01187	-15.2841
0.0118999	-15.1826
0.0119298	-15.0685
0.0119597	-14.9447
0.0119896	-14.815
0.0120195	-14.6828
0.0120494	-14.5516
0.0120793	-14.4258
0.0121092	-14.311
0.0121391	-14.2127
0.012169	-14.135
0.0121989	-14.08
0.0122288	-14.0478
0.0122587	-14.0373
0.0122886	-14.047
0.0123185	-14.075
0.0123484	-14.1183
0.0123783	-14.1732
0.0124082	-14.236
0.0124381	-14.3036
0.012468	-14.3736
0.0124979	-14.4449
0.0125278	-14.5175
0.0125577	-14.5918
0.0125876	-14.6682
0.0126175	-14.7473
0.0126474	-14.8296
0.0126773	-14.9153
0.0127072	-15.0053
0.0127371	-15.1004
0.0127669	-15.2014
0.0127968	-15.3089
0.0128267	-15.4223
0.0128566	-15.5405
0.0128865	-15.6613
0.0129164	-15.7826
0.0129463	-15.902
0.0129762	-16.0172
0.0130061	-16.1256
0.013036	-16.2253
0.0130659	-16.315
0.0130958	-16.3949
0.0131257	-16.4658
0.0131556	-16.5292
0.0131855	-16.5875
0.0132154	-16.6445
0.0132453	-16.7052
0.0132752	-16.7749
0.0133051	-16.8591
0.013335	-16.9626
0.0133649	-17.0893
0.0133948	-17.242
0.0134247	-17.4223
0.0134546	-17.6304
0.0134845	-17.865
0.0135144	-18.1225
0.0135443	-18.3977
0.0135742	-18.6847
0.0136041	-18.9775
0.013634	-19.2718
0.0136639	-19.5651
0.0136938	-19.8576
0.0137237	-20.1514
0.0137536	-20.4503
0.0137835	-20.7582
0.0138134	-21.0796
0.0138433	-21.4194
0.0138732	-21.7836
0.0139031	-22.1781
0.013933	-22.6085
0.0139629	-23.0788
0.0139928	-23.5911
0.0140227	-24.145
0.0140526	-24.7369
0.0140825	-25.3576
0.0141124	-25.9921
0.0141423	-26.6207
0.0141722	-27.2215
0.0142021	-27.7736
0.014232	-28.2601
0.0142619	-28.6703
0.0142918	-29.0018
0.0143217	-29.2605
0.0143516	-29.4607
0.0143815	-29.6248
0.0144114	-29.7812
0.0144413	-29.9591
0.0144712	-30.1828
0.0145011	-30.4674
0.014531	-30.8169
0.0145609	-31.2246
0.0145908	-31.6755
0.0146207	-32.1513
0.0146506	-32.6338
0.0146805	-33.1073
0.0147104	-33.5585
0.0147403	-33.977
0.0147702	-34.3549
0.0148001	-34.6858
0.01483	-34.9649
0.0148599	-35.1894
0.0148898	-35.359
0.0149197	-35.4755
0.0149496	-35.5436
0.0149795	-35.5726
0.0150094	-35.5788
