0	0
3.00145E-005	0
6.00288E-005	0
9.00118E-005	0
0.000120026	0
0.000150016	0
0.000180005	0
0.000210016	-56.4866
0.000240023	-49.531
0.000270018	-40.4807
0.000300012	-35.8122
0.000330005	-42.8669
0.00036003	-45.3748
0.000390024	-47.9057
0.000420017	-44.828
0.000450011	-42.517
0.000480004	-45.1539
0.000510029	-44.0854
0.000540022	-35.1601
0.000570016	-47.8538
0.000600009	-45.034
0.000630003	-49.0001
0.000660028	-40.0106
0.000690021	-43.3934
0.000720015	-44.4999
0.000750008	-35.8031
0.000780002	-38.2184
0.000810026	-29.3237
0.00084002	-29.7808
0.000870013	-38.7563
0.000900007	-38.5115
0.00093	-32.0133
0.000960025	-34.2969
0.000990012	-32.1807
0.00102003	-33.8034
0.00105002	-30.1808
0.00108	-28.4129
0.00111002	-39.1136
0.00114001	-30.1272
0.00117002	-30.9282
0.00120001	-28.1607
0.00123003	-36.9826
0.00126001	-37.2858
0.00129	-40.7914
0.00132002	-28.0558
0.00135	-32.9687
0.00138002	-31.6753
0.00141001	-34.1107
0.00144003	-23.0596
0.00147001	-32.1318
0.00150003	-26.5502
0.00153002	-27.5463
0.00156	-27.9473
0.00159002	-35.0076
0.00162001	-30.6126
0.00165002	-26.3759
0.00168001	-23.4593
0.00171003	-22.3974
0.00174001	-23.2798
0.00177	-24.848
0.00180002	-25.6779
0.00183	-27.0019
0.00186002	-31.164
0.00189001	-24.1918
0.00192003	-26.3037
0.00195001	-27.9
0.00198003	-26.7384
0.00201002	-34.1128
0.00204	-18.2311
0.00207002	-16.2724
0.00210001	-23.2161
0.00213002	-20.7244
0.00216001	-19.3805
0.00219003	-20.144
0.00222001	-20.8626
0.00225	-17.7917
0.00228002	-18.7299
0.00231	-18.9463
0.00234002	-17.2615
0.00237001	-23.9091
0.00240003	-17.2534
0.00243001	-17.5236
0.00246003	-15.7614
0.00249002	-17.2673
0.00252	-20.9994
0.00255002	-18.7883
0.00258001	-18.5146
0.00261002	-18.1325
0.00264001	-12.2429
0.00267003	-17.6712
0.00270001	-20.3752
0.00273	-19.5508
0.00276002	-13.5445
0.00279	-18.8
0.00282002	-13.4179
0.00285001	-14.1367
0.00288003	-16.128
0.00291001	-15.7431
0.00294003	-16.7237
0.00297002	-17.7938
0.003	-18.7433
0.00303002	-14.029
0.00306001	-14.1634
0.00309002	-13.5081
0.00312001	-12.4141
0.00315003	-16.2897
0.00318001	-10.4063
0.00321	-13.0134
0.00324002	-10.9932
0.00327001	-12.4846
0.00330002	-13.5188
0.00333001	-18.0049
0.00336003	-14.3541
0.00339001	-12.7629
0.00342003	-13.7113
0.00345002	-13.1644
0.00348	-12.8783
0.00351002	-17.9652
0.00354003	-15.4529
0.00357003	-11.7114
0.0036	-13.7399
0.00363001	-15.8869
0.00366001	-14.985
0.00369003	-14.4745
0.00372001	-15.2379
0.00375001	-12.389
0.00378001	-18.3138
0.00381001	-10.9344
0.00384001	-17.2496
0.00387001	-11.0204
0.00390001	-13.6632
0.00393	-11.9271
0.00396001	-13.8737
0.00399002	-19.4424
0.00402002	-14.7815
0.00405003	-10.4524
0.00408001	-5.66178
0.00411001	-11.9824
0.00414002	-15.3861
0.00417003	-8.94948
0.0042	-16.7769
0.00423001	-17.3546
0.00426002	-14.8203
0.00429002	-14.7771
0.00432003	-11.3763
0.00435	-12.4858
0.00438001	-11.5007
0.00441002	-12.2936
0.00444002	-14.2023
0.00447003	-16.1178
0.00450001	-12.5711
0.00453001	-12.5794
0.00456002	-12.1852
0.00459003	-12.8706
0.00462	-10.6891
0.00465001	-11.9816
0.00468002	-9.60111
0.00471002	-10.8824
0.00474003	-17.1811
0.00477	-13.5237
0.00480001	-18.2061
0.00483002	-10.2782
0.00486003	-11.0689
0.00489003	-12.9591
0.00492001	-9.62183
0.00495001	-19.2059
0.00498002	-13.6485
0.00501003	-13.5279
0.00504	-15.0481
0.00507001	-12.236
0.00510002	-14.1255
0.00513002	-10.2111
0.00516003	-10.1157
0.00519	-10.9898
0.00522001	-11.7535
0.00525002	-16.0117
0.00528003	-12.5062
0.00531003	-12.1497
0.00534001	-13.0267
0.00537001	-14.6792
0.00540002	-12.4775
0.00543003	-18.3556
0.00546	-11.0816
0.00549001	-16.1447
0.00552002	-12.7646
0.00555002	-17.1063
0.00558003	-12.2467
0.00561	-12.6617
0.00564001	-13.3115
0.00567002	-12.021
0.00570003	-13.0472
0.00573	-15.3236
0.00576001	-15.8283
0.00579001	-11.7446
0.00582002	-14.9408
0.00585003	-10.9191
0.00588	-15.1437
0.00591001	-11.8949
0.00594002	-13.1577
0.00597002	-10.3797
0.00600003	-15.0648
0.00603	-15.6373
0.00606001	-9.8917
0.00609002	-10.6736
0.00612003	-9.89239
0.00615	-14.7355
0.00618001	-17.6063
0.00621001	-17.2184
0.00624002	-9.87342
0.00627003	-12.8799
0.0063	-14.7235
0.00633001	-13.8891
0.00636002	-15.4103
0.00639002	-15.286
0.00642003	-12.4975
0.00645001	-11.5257
0.00648001	-12.8566
0.00651002	-16.2339
0.00654003	-14.602
0.00657001	-12.6094
0.00660003	-15.715
0.00663001	-14.556
0.00666003	-12.024
0.00669002	-12.826
0.00672	-14.9851
0.00675001	-10.404
0.00678003	-10.5787
0.00681001	-13.7055
0.00684002	-13.332
0.00687	-11.3319
0.00690001	-10.3579
0.00693003	-16.0699
0.00696001	-12.6295
0.00699	-14.0501
0.00702003	-16.7365
0.00705002	-10.8492
0.00708	-12.9998
0.00711003	-13.5507
0.00714002	-12.8449
0.00717001	-12.7698
0.00720003	-13.5601
0.00723002	-11.8463
0.00726001	-14.1041
0.00729004	-13.5821
0.00732003	-13.0976
0.00735001	-11.7777
0.00738	-12.4985
0.00741003	-12.4137
0.00744002	-12.8027
0.00747001	-12.1415
0.00750003	-14.2573
0.00753002	-11.0326
0.00756001	-13.7609
0.00759003	-10.6896
0.00762002	-11.9997
0.00765001	-13.7868
0.00768	-12.8143
0.00771003	-13.3213
0.00774001	-11.1036
0.00777	-11.4993
0.00780003	-12.4192
0.00783002	-9.99754
0.00786001	-14.1742
0.00789003	-14.0457
0.00792002	-12.21
0.00795001	-13.1777
0.00798003	-14.8948
0.00801002	-10.8484
0.00804001	-11.3703
0.00807	-12.6414
0.00810004	-11.6787
0.00813001	-10.5953
0.00816002	-13.8576
0.00819004	-15.097
0.00822001	-13.474
0.00825002	-13.0864
0.00828004	-12.0977
0.00831004	-13.06
0.00834	-15.0184
0.00837001	-14.6261
0.00840002	-13.3549
0.00843003	-18.2022
0.00846003	-14.7651
0.00849004	-17.444
0.00852001	-15.1428
0.00855001	-16.5612
0.00858002	-16.449
0.00861003	-16.7712
0.00864001	-15.6393
0.00867001	-16.208
0.00870001	-16.5066
0.00873001	-14.7385
0.00876	-20.234
0.00879001	-16.0774
0.00882004	-19.3296
0.00885002	-24.2494
0.00888	-18.6462
0.00891003	-18.4789
0.00894001	-20.4222
0.00897004	-19.7925
0.00900002	-20.2766
0.00903	-18.6519
0.00906003	-18.9125
0.00909001	-18.8234
0.00912004	-20.2041
0.00915002	-15.9323
0.00918	-17.6893
0.00921003	-19.4322
0.00924001	-15.5224
0.00927004	-19.221
0.00930002	-17.2781
0.00933001	-16.0328
0.00936003	-17.3323
0.00939002	-19.6123
0.00942004	-18.1808
0.00945003	-16.4338
0.00948001	-20.9794
0.00951004	-21.085
0.00954002	-17.628
0.00957	-21.1726
0.00960003	-17.3046
0.00963001	-18.982
0.00966004	-18.4111
0.00969002	-18.0227
0.00972	-18.9338
0.00975003	-20.349
0.00978001	-18.1933
0.00981004	-21.2255
0.00984002	-19.2573
0.00987	-17.1939
0.00990003	-19.7053
0.00993001	-20.0365
0.00996004	-17.6034
0.00999002	-18.7188
0.01002	-17.8873
0.01005	-16.6518
0.01008	-18.2163
0.01011	-19.0755
0.01014	-18.4833
0.01017	-17.1949
0.0102	-20.3574
0.01023	-19.4763
0.01026	-19.4871
0.01029	-15.3876
0.01032	-19.7322
0.01035	-15.4987
0.01038	-16.4452
0.01041	-17.4884
0.01044	-16.7202
0.01047	-14.8203
0.0105	-16.0197
0.01053	-17.425
0.01056	-16.3757
0.01059	-18.6428
0.01062	-20.3992
0.01065	-18.0911
0.01068	-15.3346
0.01071	-19.1606
0.01074	-21.1136
0.01077	-16.4269
0.0108	-17.9498
0.01083	-16.5367
0.01086	-18.6385
0.01089	-17.3951
0.01092	-19.8226
0.01095	-17.5078
0.01098	-17.8931
0.01101	-17.2365
0.01104	-19.4799
0.01107	-19.4141
0.0111	-19.148
0.01113	-16.2704
0.01116	-20.3513
0.01119	-17.0483
0.01122	-15.2764
0.01125	-17.9939
0.01128	-21.0951
0.01131	-18.9901
0.01134	-18.6085
0.01137	-20.856
0.0114	-20.1616
0.01143	-19.0825
0.01146	-19.6019
0.01149	-19.8123
0.01152	-21.029
0.01155	-20.1408
0.01158	-22.1352
0.01161	-20.6593
0.01164	-18.6471
0.01167	-20.9206
0.0117	-20.6629
0.01173	-20.5235
0.01176	-20.5606
0.01179	-19.2891
0.01182	-20.5161
0.01185	-21.779
0.01188	-21.2692
0.01191	-19.501
0.01194	-22.2073
0.01197	-22.6306
0.012	-24.2526
0.01203	-21.3039
0.01206	-21.8255
0.01209	-22.827
0.01212	-21.3512
0.01215	-21.6559
0.01218	-22.3285
0.01221	-21.6053
0.01224	-22.1959
0.01227	-21.8124
0.0123	-23.4056
0.01233	-22.0107
0.01236	-21.2104
0.01239	-23.2997
0.01242	-20.1406
0.01245	-23.3456
0.01248	-20.7697
0.01251	-20.6768
0.01254	-23.6652
0.01257	-22.0519
0.0126	-23.0443
0.01263	-22.4066
0.01266	-21.3924
0.01269	-21.8228
0.01272	-19.4418
0.01275	-22.0891
0.01278	-20.4595
0.01281	-21.68
0.01284	-20.0179
0.01287	-19.2456
0.0129	-21.7665
0.01293	-20.403
0.01296	-21.3104
0.01299	-18.502
0.01302	-19.4537
0.01305	-18.9595
0.01308	-20.725
0.01311	-17.9427
0.01314	-17.5396
0.01317	-17.6856
0.0132	-18.4714
0.01323	-18.5631
0.01326	-19.8291
0.0132901	-17.4309
0.01332	-17.9155
0.01335	-18.5076
0.01338	-17.7796
0.01341	-18.7927
0.01344	-16.4606
0.01347	-17.2612
0.0135	-18.0555
0.01353	-17.4158
0.0135601	-17.1912
0.01359	-17.4263
0.01362	-17.9818
0.01365	-16.9925
0.01368	-18.3668
0.01371	-15.8581
0.01374	-16.7144
0.01377	-18.3107
0.0138001	-16.8631
0.01383	-16.0283
0.01386	-20.0158
0.01389	-18.8269
0.01392	-19.7553
0.01395	-17.6491
0.01398	-19.745
0.01401	-18.2006
0.01404	-19.248
0.01407	-18.9024
0.0141	-19.948
0.01413	-18.1607
0.01416	-20.4824
0.01419	-18.3028
0.01422	-18.3719
0.01425	-18.969
0.01428	-20.0553
0.01431	-18.6417
0.01434	-19.2082
0.01437	-18.3074
0.0144	-18.3871
0.01443	-18.3332
0.01446	-18.942
0.01449	-18.3979
0.01452	-18.3841
0.01455	-18.8967
0.01458	-18.0807
0.01461	-19.2858
0.01464	-19.3616
0.01467	-18.1605
0.0147	-18.5261
0.01473	-19.1344
0.01476	-19.1115
0.01479	-18.7059
0.01482	-18.5589
0.01485	-17.3063
0.01488	-17.9703
0.01491	-18.131
0.01494	-16.8617
0.01497	-17.1062
0.015	-17.3405
